4294967278,31
4294967278,30
4294967278,29
4294967278,28
4294967278,27
4294967278,26
4294967278,25
4294967278,24
4294967278,23
4294967278,22
4294967278,21
4294967278,20
4294967278,19
4294967294,964
4294967294,921
4294967294,920
4294967294,916
4294967294,965
4294967294,903
4294967294,906
4294967294,908
4294967294,902
4294967294,467
4294967294,395
4294967294,24
4294967294,416
4294967294,461
4294967294,469
4294967294,952
4294967294,468
4294967294,104
4294967294,106
4294967294,954
4294967294,458
4294967294,914
4294967294,899
4294967294,897
4294967294,159
4294967294,946
4294967294,944
4294967294,943
4294967294,60
4294967294,963
4294967294,922
4294967294,919
4294967294,918
4294967294,917
4294967294,966
4294967294,913
4294967294,912
4294967294,910
4294967294,904
4294967294,961
4294967294,960
4294967294,962
4294967279,137
4294967279,136
15,4
15,3
15,2
15,1
4294967279,135
4294967294,924
4294967279,283
14,4
4294967279,275
14,3
14,2
14,1
4294967279,318
4294967279,274
4294967279,273
4294967279,272
13,4
13,3
13,2
13,1
4294967279,271
4294967294,911
4294967294,973
4294967294,967
4294967279,269
4294967294,89
12,4
4294967279,286
12,3
12,2
12,1
4294967279,317
4294967279,267
4294967279,265
11,4
4294967279,264
11,3
11,2
11,1
4294967279,316
4294967279,263
4294967279,315
4294967294,1421
4294967294,419
4294967294,956
4294967294,187
4294967279,259
4294967279,282
4294967279,261
4294967278,35
4294967278,34
4294967278,33
4294967278,32
4294967278,295
4294967278,294
10,4
10,3
10,2
10,1
4294967279,314
4294967278,293
4294967278,291
4294967278,41
4294967278,40
4294967278,39
4294967278,38
4294967278,37
4294967278,36
4294967279,37
4294967279,36
4294967279,34
4294967279,32
4294967279,31
4294967279,30
4294967294,909
4294967294,392
4294967294,46
4294967294,115
4294967279,313
4294967294,923
4294967294,186
4294967279,312
4294967278,309
4294967279,311
4294967278,308
4294967279,310
4294967278,253
4294967278,252
4294967278,307
4294967278,250
4294967278,246
4294967278,242
9,4
4294967278,244
9,3
9,2
9,1
4294967278,243
4294967278,240
4294967279,28
4294967279,26
4294967279,25
4294967279,23
4294967279,20
4294967279,17
4294967279,16
4294967279,13
4294967279,12
4294967294,61
4294967294,14
4294967294,20
4294967294,127
4294967294,126
4294967294,18
4294967294,13
4294967294,50
4294967278,306
4294967279,309
4294967278,234
4294967294,1420
4294967294,120
4294967294,29
4294967294,926
4294967278,232
4294967278,233
4294967278,230
4294967278,226
4294967278,222
8,4
4294967278,224
8,3
8,2
8,1
4294967278,223
4294967278,220
4294967278,218
7,4
7,2
7,1
4294967278,216
4294967294,905
4294967294,440
4294967294,76
4294967294,41
4294967294,42
4294967294,1419
4294967294,2
4294967294,390
4294967294,45
4294967294,429
4294967294,51
4294967294,91
4294967294,90
4294967294,87
4294967294,86
4294967294,53
4294967294,418
4294967278,305
4294967279,308
4294967278,304
4294967279,307
4294967278,210
4294967278,209
4294967278,208
6,4
6,2
6,1
4294967279,306
4294967278,207
4294967294,5
4294967294,82
4294967294,22
4294967294,99
4294967294,97
4294967294,84
4294967294,107
4294967294,470
4294967278,205
4294967294,6
5,4
4294967278,204
5,3
5,2
5,1
4294967278,0
4294967294,8
0,7
4294967294,1418
4294967278,203
4294967294,970
4294967294,11
4294967278,132
4294967278,131
4294967278,130
4294967278,129
4294967278,128
4294967278,127
4294967278,126
4294967278,125
4294967278,124
4294967278,123
4294967278,122
4294967278,121
4294967278,120
4294967278,119
4294967278,118
4294967278,117
4294967278,116
4294967278,115
4294967278,114
4294967278,113
4294967278,112
4294967278,111
4294967278,110
4294967278,109
4294967278,108
4294967278,107
4294967278,106
4294967278,105
4294967278,104
4294967278,103
4294967278,102
4294967278,101
4294967278,100
4294967278,99
4294967278,98
4294967278,97
4294967278,96
4294967278,95
4294967278,94
4294967278,93
4294967278,92
4294967278,91
4294967278,90
4294967278,89
4294967278,87
4294967278,85
4294967278,84
4294967278,83
4294967278,82
4294967278,81
4294967278,80
4294967278,79
4294967278,78
4294967278,77
4294967278,76
4294967278,75
4294967278,74
4294967278,73
4294967278,72
4294967278,71
4294967278,70
4294967278,69
4294967278,68
